Pc&EA&fcam_1	566.9	797.14	1378.54	83.993	19.718	-155.81	8.497
Pc&EA&fcam_2	567.4	-810.73	1379.03	95.56	-19.781	-154.933	8.5089
camMat_1#	2462.89	0	1267.3
camMat_1#	0	2462.89	1039.71
camMat_1#	0	0	1
distCoeff_1	-1.3315	-1.88818	-0.0159409	-0.00704257	93.2938	-1.21661	-2.46874	95.8957	0.00771144	-0.00225558	0.0137134	0.00621125	0.0482831	-0.0148589
camMat_2#	2466.36	0	1265.98
camMat_2#	0	2466.36	1051.26
camMat_2#	0	0	1
distCoeff_2	-2.57465	-4.50107	-0.0159621	-0.00582908	47.6518	-2.45984	-5.13257	49.2258	0.00636378	-0.00166057	0.0146508	0.00559196	0.0442465	-0.0180279
greyThres	50
ExpTime	10000
Ps&EsPS	-766.46	0	1483.4	0	30.581	0
panelFocal	1710
panelWidth	1700
panelThickness	4
xMinMaxStep	470	1950	10
DlabCam1DlabCam2	-483.097	-482.598
x4set	1050
